3.000000000000000000e+03 1.000000000000000000e+03 4.000000000000000000e+03 1.000000000000000000e+03 1.000000000000000000e+03 1.000000000000000000e+03 4.000000000000000000e+03 2.000000000000000000e+03 5.000000000000000000e+03 1.000000000000000000e+03
6.000000000000000000e+03 1.000000000000000000e+05 1.000000000000000000e+03 1.800000000000000000e+04 1.400000000000000000e+04 3.000000000000000000e+03 4.000000000000000000e+03 7.200000000000000000e+04 1.000000000000000000e+05 2.700000000000000000e+04
3.000000000000000000e+03 8.000000000000000000e+03 1.000000000000000000e+05 1.000000000000000000e+05 1.600000000000000000e+04 3.000000000000000000e+03 5.800000000000000000e+04 2.100000000000000000e+04 1.000000000000000000e+05 1.000000000000000000e+05
9.000000000000000000e+03 3.000000000000000000e+03 3.100000000000000000e+04 1.000000000000000000e+05 1.000000000000000000e+05 1.000000000000000000e+05 3.300000000000000000e+04 1.000000000000000000e+05 1.000000000000000000e+05 1.000000000000000000e+05
8.000000000000000000e+03 4.000000000000000000e+03 2.100000000000000000e+04 1.000000000000000000e+05 1.000000000000000000e+05 1.100000000000000000e+04 1.000000000000000000e+05 4.800000000000000000e+04 1.000000000000000000e+05 1.000000000000000000e+05
3.000000000000000000e+03 1.000000000000000000e+05 1.000000000000000000e+05 1.000000000000000000e+05 1.000000000000000000e+05 1.000000000000000000e+05 1.000000000000000000e+05 1.000000000000000000e+05 1.000000000000000000e+05 1.000000000000000000e+05
3.000000000000000000e+03 5.300000000000000000e+04 1.000000000000000000e+05 1.000000000000000000e+05 1.000000000000000000e+05 1.000000000000000000e+05 1.000000000000000000e+05 1.000000000000000000e+05 1.000000000000000000e+05 1.000000000000000000e+05
6.000000000000000000e+03 2.400000000000000000e+04 1.000000000000000000e+05 1.000000000000000000e+05 1.000000000000000000e+05 1.000000000000000000e+05 1.000000000000000000e+05 1.000000000000000000e+05 1.000000000000000000e+05 1.000000000000000000e+05
1.200000000000000000e+04 5.500000000000000000e+04 8.300000000000000000e+04 8.200000000000000000e+04 7.300000000000000000e+04 1.000000000000000000e+05 1.000000000000000000e+05 1.000000000000000000e+05 1.000000000000000000e+05 1.000000000000000000e+05
4.500000000000000000e+04 3.600000000000000000e+04 4.100000000000000000e+04 1.000000000000000000e+05 1.000000000000000000e+05 1.000000000000000000e+05 1.000000000000000000e+05 1.000000000000000000e+05 3.600000000000000000e+04 1.000000000000000000e+05
